Step 2: 
The HCMV genome (GCF_000845245.1) has 169 CDS.
Step 3: 
target_id	test_stat	pval	qval
YP_081547.1	15.7270073111683	7.31719305256264e-05	0.00679928079112819
YP_081552.1	15.1781019179887	9.78313782896142e-05	0.00679928079112819
YP_081521.1	12.988230538672	0.000313455050328074	0.0115907350419408
YP_081530.1	12.8719362375177	0.000333546332142182	0.0115907350419408
YP_081490.1	10.8021260082055	0.00101383596100511	0.0219693123814666
YP_081551.1	10.9099007059218	0.000956516524798645	0.0219693123814666
YP_081599.1	10.640515594312	0.00110636824942638	0.0219693123814666
YP_081576.1	9.79272517082751	0.00175203617501873	0.0304416285409504
YP_081601.1	9.4939486047298	0.00206150681297487	0.0318388274448341
YP_081600.1	9.15708271005024	0.00247757230915436	0.0344382550972456
YP_081613.1	8.70799249101128	0.00316817905330561	0.04003426258268
YP_007947989.1	8.21511106495733	0.00415429723740238	0.0444190243076101
YP_081531.1	8.36029249918345	0.00383508830335193	0.0444190243076101
Step 4: Bowtie2 Filtering
Sample ID	Reads Before	Reads After (Mapped)
SRR5660030	10,034	        5,271
SRR5660033	10,034	        4,438
SRR5660044	10,034	        5,476
SRR5660045	10,034	        3,903
Step 5: BLAST Verification
Subject_ID | %_Identity | Length | Mismatch | Gaps | Q_Start | Q_End | S_Start | S_End | Bit_Score | E-Value | Title
YP_081532.1     98.352  1396    1       1384    1396    1       2440    0.0     YP_081532.1
YP_081526.1     99.691  1296    7       1302    1296    1       2372    0.0     YP_081526.1
YP_081612.1     97.313  1005    3       1006    7       1010    1705    0.0     YP_081612.1
YP_081599.1     96.556  871     1       871     38      908     1443    0.0     YP_081599.1
YP_081541.1     99.757  822     38      859     1       822     1507    0.0     YP_081541.1
YP_004940331.1  99.326  742     97      837     816     75      1341    0.0     YP_004940331.1
YP_081605.1     100.000 756     11      766     1       756     1397    0.0     YP_081605.1
YP_081459.1     98.844  692     1       692     692     1       1234    0.0     YP_081459.1
YP_081498.1     96.142  648     17      664     1       648     1059    0.0     YP_081498.1
YP_081502.1     98.363  611     1       611     611     1       1074    0.0     YP_081502.1
YP_081603.1     99.356  621     1       619     113     733     1123    0.0     YP_081603.1
YP_081553.1     96.248  613     1       613     10      622     1005    0.0     YP_081553.1
YP_081544.1     100.000 589     1       589     1611    1023    1088    0.0     YP_081544.1
YP_081540.1     99.482  579     1       579     242     820     1053    0.0     YP_081540.1
YP_081513.1     98.080  573     1       573     2918    3490    998     0.0     YP_081513.1
YP_081545.1     100.000 572     1       572     1127    1698    1057    0.0     YP_081545.1
YP_081562.1     97.163  564     1       563     929     366     952     0.0     YP_081562.1
YP_081579.1     99.822  563     1       563     568     6       1035    0.0     YP_081579.1
YP_081614.1     99.811  529     24      552     1       529     972     0.0     YP_081614.1
YP_081597.1     99.053  528     1       528     319     846     948     0.0     YP_081597.1
YP_081601.1     98.895  543     2       544     927     385     970     0.0     YP_081601.1
YP_081465.1     95.609  501     12      512     501     1       804     0.0     YP_081465.1
YP_081514.1     100.000 518     1       518     185     702     957     0.0     YP_081514.1
YP_081556.1     99.601  501     8       508     942     442     915     0.0     YP_081556.1
YP_081514.1     99.802  506     1       506     1575    2080    929     0.0     YP_081514.1
YP_081617.1     99.793  483     23      505     1       483     887     0.0     YP_081617.1
YP_081568.1     98.783  493     1       493     245     737     878     0.0     YP_081568.1
YP_081553.1     99.785  466     24      489     1317    1782    856     0.0     YP_081553.1
YP_081604.1     100.000 464     23      486     723     260     857     0.0     YP_081604.1
YP_081490.1     99.785  465     1       465     884     420     854     0.0     YP_081490.1
YP_081506.1     99.136  463     1       463     6085    6547    833     0.0     YP_081506.1
YP_081532.1     100.000 454     1       454     1311    1764    839     0.0     YP_081532.1
YP_081546.1     99.545  440     1       440     440     1       802     0.0     YP_081546.1
YP_081515.1     99.781  457     1       457     409     865     839     0.0     YP_081515.1
YP_081597.1     99.545  440     1       440     440     1       802     0.0     YP_081597.1
YP_081551.1     99.776  447     1       447     2365    1919    821     0.0     YP_081551.1
YP_081598.1     99.527  423     1       423     423     1       771     0.0     YP_081598.1
YP_081607.1     98.851  435     1       435     1182    1616    776     0.0     YP_081607.1
YP_081575.1     97.190  427     1       427     530     106     721     0.0     YP_081575.1
YP_081596.1     99.241  395     3       397     395     1       713     0.0     YP_081596.1
YP_081508.1     99.041  417     1       417     249     665     749     0.0     YP_081508.1
YP_081513.1     97.821  413     1       413     2223    2635    713     0.0     YP_081513.1
YP_081610.1     99.027  411     1       411     1344    1754    737     0.0     YP_081610.1
YP_081611.1     94.059  404     1       404     381     783     612     3.36e-177       YP_081611.1
YP_081513.1     100.000 402     1       402     1027    1428    743     0.0     YP_081513.1
YP_081520.1     100.000 400     1       400     1007    608     739     0.0     YP_081520.1
YP_081611.1     95.960  396     1       396     99      494     643     0.0     YP_081611.1
YP_081512.1     99.742  388     1       388     582     195     712     0.0     YP_081512.1
YP_081607.1     99.474  380     1       380     867     1246    691     0.0     YP_081607.1
YP_081551.1     98.945  379     1       379     2477    2855    678     0.0     YP_081551.1
YP_081544.1     98.674  377     1       375     666     1041    665     0.0     YP_081544.1
YP_081475.1     99.722  360     13      372     693     334     660     0.0     YP_081475.1
YP_081521.1     96.045  354     17      370     408     55      577     1.11e-166       YP_081521.1
YP_081567.1     97.734  353     1       353     353     1       608     3.92e-176       YP_081567.1
YP_081501.1     98.098  368     1       368     650     283     641     0.0     YP_081501.1
YP_081472.1     97.784  361     1       361     479     119     623     1.37e-180       YP_081472.1
YP_081548.1     99.444  360     1       360     1773    1414    654     0.0     YP_081548.1
YP_081557.1     100.000 359     1       359     1269    911     664     0.0     YP_081557.1
YP_081472.1     98.056  360     1       359     1137    778     625     0.0     YP_081472.1
YP_081484.1     100.000 359     1       359     1011    1369    664     0.0     YP_081484.1
YP_081578.1     99.702  336     1       336     175     510     616     2.26e-178       YP_081578.1
YP_081515.1     99.435  354     1       354     2065    2418    643     0.0     YP_081515.1
YP_081537.1     100.000 350     1       350     112     461     647     0.0     YP_081537.1
YP_081490.1     99.692  325     1       325     1464    1788    595     2.88e-172       YP_081490.1
YP_081607.1     99.133  346     1       346     266     611     623     1.31e-180       YP_081607.1
YP_081610.1     97.688  346     1       346     425     770     595     2.86e-172       YP_081610.1
YP_081604.1     99.700  333     1       333     333     1       610     1.02e-176       YP_081604.1
YP_081608.1     99.077  325     22      346     1779    1455    584     6.19e-169       YP_081608.1
YP_081529.1     98.837  344     1       344     557     900     614     7.84e-178       YP_081529.1
YP_081600.1     99.120  341     2       342     42      382     614     7.79e-178       YP_081600.1
YP_081508.1     98.830  342     1       342     1349    1690    610     1.01e-176       YP_081508.1
YP_081572.1     97.353  340     1       340     342     3       579     2.83e-167       YP_081572.1
YP_081544.1     99.704  338     1       338     1987    1650    619     1.65e-179       YP_081544.1
YP_081548.1     99.405  336     1       336     2402    2067    610     9.89e-177       YP_081548.1
YP_081537.1     100.000 327     1       327     562     888     604     4.54e-175       YP_081537.1
YP_081493.1     99.088  329     1       329     821     493     592     3.50e-171       YP_081493.1
YP_081495.1     99.694  327     2       328     963     637     599     2.09e-173       YP_081495.1
YP_081493.1     99.693  326     1       326     600     275     597     7.46e-173       YP_081493.1
YP_081619.1     97.231  325     1       325     1966    2290    551     5.87e-159       YP_081619.1
YP_081514.1     99.687  319     7       325     2724    2406    584     5.79e-169       YP_081514.1
YP_081501.1     98.769  325     1       325     863     1187    579     2.69e-167       YP_081501.1
YP_081542.1     99.690  323     1       323     1220    1542    592     3.44e-171       YP_081542.1
YP_081492.1     95.975  323     1       323     1186    864     525     3.54e-151       YP_081492.1
YP_081511.1     99.379  322     1       322     111     432     584     5.73e-169       YP_081511.1
YP_081484.1     100.000 320     1       320     1354    1673    592     3.40e-171       YP_081484.1
YP_081536.1     99.062  320     1       320     579     898     575     3.43e-166       YP_081536.1
YP_081523.1     94.603  315     1       315     856     1170    488     4.54e-140       YP_081523.1
YP_081555.1     97.377  305     1       305     77      381     520     1.55e-149       YP_081555.1
YP_081508.1     98.361  305     1       305     945     1249    536     1.54e-154       YP_081508.1
YP_081545.1     100.000 304     1       304     1168    865     562     2.54e-162       YP_081545.1
YP_081513.1     99.338  302     1       302     3682    3381    547     7.06e-158       YP_081513.1
YP_081562.1     98.013  302     1       302     483     182     525     3.31e-151       YP_081562.1
YP_081608.1     98.013  302     1       302     1533    1232    525     3.31e-151       YP_081608.1
YP_081529.1     96.667  300     1       300     391     92      499     1.99e-143       YP_081529.1
YP_081514.1     100.000 300     1       300     1118    819     555     4.19e-160       YP_081514.1
YP_081506.1     99.000  300     1       300     2676    2975    538     4.22e-155       YP_081506.1
YP_081493.1     97.659  299     1       299     1195    897     514     7.08e-148       YP_081493.1
YP_081475.1     96.980  298     1       298     6       303     501     5.49e-144       YP_081475.1
YP_081514.1     99.000  300     1       298     1130    1429    536     1.51e-154       YP_081514.1
YP_081528.1     98.990  297     1       297     1219    923     532     1.94e-153       YP_081528.1
YP_081513.1     97.980  297     1       297     2633    2929    516     1.96e-148       YP_081513.1
YP_081511.1     99.327  297     1       297     1894    1598    538     4.17e-155       YP_081511.1
YP_081547.1     97.297  296     1       296     592     297     503     1.52e-144       YP_081547.1
YP_081520.1     98.294  293     1       293     60      352     514     6.93e-148       YP_081520.1
YP_081535.1     99.656  291     1       291     2101    2391    532     1.90e-153       YP_081535.1
YP_081549.1     99.313  291     1       291     512     222     527     8.84e-152       YP_081549.1
YP_081513.1     98.966  290     1       290     1990    1701    520     1.47e-149       YP_081513.1
YP_081511.1     98.962  289     1       289     1094    806     518     5.28e-149       YP_081511.1
YP_081545.1     100.000 287     1       287     1240    954     531     6.73e-153       YP_081545.1
YP_081581.1     94.774  287     1       287     499     213     448     6.98e-128       YP_081581.1
YP_081567.1     99.293  283     1       283     803     521     512     2.42e-147       YP_081567.1
YP_081551.1     98.936  282     1       282     795     1076    505     4.01e-145       YP_081551.1
YP_081551.1     98.932  281     1       281     734     454     503     1.44e-144       YP_081551.1
YP_081557.1     100.000 281     1       281     746     1026    520     1.43e-149       YP_081557.1
YP_081540.1     100.000 279     1       279     1726    1448    516     1.84e-148       YP_081540.1
YP_081555.1     99.643  280     1       280     339     618     512     2.38e-147       YP_081555.1
YP_081533.1     100.000 280     1       280     295     16      518     5.11e-149       YP_081533.1
YP_081514.1     99.642  279     1       279     1114    1392    510     8.51e-147       YP_081514.1
Step 6:
YP_081532.1     98.352  1396    1       1384    1396    1       2440    0.0     YP_081532.1
